cvs2s= 1
11
## Scores from processing of 361790 alignments, 4154525150 positions
##  (Profile pairs processed with respect to eff.no.sqns: one in [1,-); other in [1,-))
## Entropy = 0.2250, Expected = -0.1533
## Minimum = -4.0669, Maximum = 6.5114
Scale = 1.000000
Dimensions = 19
Cardinality = 93
     -2.5     -2.0     -1.5     -1.0     -0.5      0.0      0.5      1.0      1.5      2.0      2.5      3.0      3.5      4.0      4.5      5.0      5.5      6.0      6.5      7.0      7.5      8.0      8.5      9.0      9.5     10.0     10.5     11.0     11.5     12.0     12.5     13.0     13.5     14.0     14.5     15.0     15.5     16.0     16.5     17.0     17.5     18.0     18.5     19.0     19.5     20.0     20.5     21.0     21.5     22.0     22.5     23.0     23.5     24.0     24.5     25.0     25.5     26.0     26.5     27.0     27.5     28.0     28.5     29.0     29.5     30.0     30.5     31.0     31.5     32.0     32.5     33.0     33.5     34.0     34.5     35.0     35.5     36.0     36.5     37.0     37.5     38.0     38.5     39.0     39.5     40.0     40.5     41.0     41.5     42.0     42.5     43.0     43.5
  -4.0669  -0.5373  -0.5810  -0.6619  -0.5801  -0.5135  -0.4674  -0.4279  -0.3946  -0.3471  -0.3154  -0.2829  -0.2373  -0.1972  -0.1500  -0.1081  -0.0596   0.0038   0.0577   0.1131   0.1703   0.2356   0.3144   0.3858   0.4531   0.5373   0.6213   0.6953   0.7766   0.8788   0.9551   1.0450   1.1257   1.1842   1.2997   1.3790   1.4196   1.5414   1.6252   1.7177   1.7946   1.8426   1.9457   2.0089   2.0722   2.1934   2.2320   2.3376   2.3102   2.4061   2.4379   2.6774   2.6017   2.8027   2.7707   2.8031   2.9081   2.9155   3.1211   3.0791   3.2361   3.4137   3.3618   3.1022   3.1916   3.6044   3.1810   3.4710   3.8393   3.4809   3.9558   3.6489   4.1410   3.7748   3.9468   3.7946   3.0265   3.7716   3.6588   2.6506   4.0576   3.5747   2.4521   3.7100   5.4768   5.7559   4.5156   6.5114   6.0935   3.4836   6.0091        +        +

##   0.0000   0.0000   0.0065   0.0403   0.0324   0.0313   0.0323   0.0338   0.0351   0.0365   0.0376   0.0381   0.0385   0.0383   0.0379   0.0370   0.0359   0.0347   0.0331   0.0313   0.0295   0.0277   0.0260   0.0242   0.0225   0.0208   0.0195   0.0179   0.0166   0.0156   0.0142   0.0131   0.0121   0.0112   0.0105   0.0096   0.0087   0.0080   0.0074   0.0069   0.0063   0.0057   0.0052   0.0048   0.0045   0.0040   0.0037   0.0034   0.0030   0.0027   0.0026   0.0024   0.0021   0.0019   0.0017   0.0015   0.0014   0.0013   0.0011   0.0010   0.0009   0.0008   0.0007   0.0006   0.0006   0.0005   0.0005   0.0004   0.0004   0.0003   0.0003   0.0002   0.0002   0.0002   0.0001   0.0001   0.0001   0.0001   0.0001   0.0000   0.0000   0.0000   0.0000   0.0000   0.0000   0.0000   0.0000   0.0000   0.0000   0.0000   0.0000   0.0000   0.0000
##   0.0000   0.0001   0.0117   0.0781   0.0578   0.0524   0.0515   0.0518   0.0520   0.0516   0.0515   0.0506   0.0488   0.0467   0.0440   0.0413   0.0381   0.0345   0.0312   0.0280   0.0249   0.0219   0.0190   0.0164   0.0143   0.0121   0.0105   0.0089   0.0076   0.0065   0.0055   0.0046   0.0039   0.0034   0.0029   0.0024   0.0021   0.0017   0.0015   0.0012   0.0011   0.0009   0.0007   0.0006   0.0006   0.0005   0.0004   0.0003   0.0003   0.0002   0.0002   0.0002   0.0002   0.0001   0.0001   0.0001   0.0001   0.0001   0.0000   0.0000   0.0000   0.0000   0.0000   0.0000   0.0000   0.0000   0.0000   0.0000   0.0000   0.0000   0.0000   0.0000   0.0000   0.0000   0.0000   0.0000   0.0000   0.0000   0.0000   0.0000   0.0000   0.0000   0.0000   0.0000   0.0000   0.0000   0.0000   0.0000   0.0000   0.0000   0.0000       NA       NA

