ssss= 0 +1
0000 11
## Scores from processing of 162667 alignments, 663612473 positions
##  (Profile pairs processed with respect to probability levels: lower prob. in (0.00,-]; other in (0.00,-])
##  (  and with respect to eff.no.sqns, so that: one in [1,-); other in [1,-))
## Entropy = 0.4342, Expected = -0.7134
## Minimum = -4.3078, Maximum = 1.3522
Cardinality = 30
   0.3750
   0.4403   0.4986
   0.3921   0.4710   0.4918
   0.4274   0.4821   0.5127   0.5651
   0.3862   0.4566   0.5273   0.5873   0.6163
   0.3846   0.4329   0.5059   0.5908   0.6508   0.6827
   0.3023   0.3813   0.4830   0.5834   0.6488   0.7158   0.7906
   0.2725   0.3365   0.4152   0.5251   0.6155   0.6986   0.8123   0.8843
   0.1537   0.2252   0.3339   0.4531   0.5570   0.6630   0.7769   0.9158   1.0488
   0.0024   0.0108   0.1316   0.2119   0.2893   0.3884   0.5338   0.6870   0.8850   1.0845
   0.4158   0.4974   0.5061   0.4337   0.4533   0.3398   0.2603   0.1906   0.0820  -0.1760   0.8311
   0.4061   0.4669   0.4390   0.4336   0.4131   0.3385   0.2206   0.1274   0.0022  -0.2523   0.8429   0.8305
   0.4032   0.4620   0.3767   0.3636   0.3237   0.2500   0.1489   0.0218  -0.0668  -0.3366   0.7676   0.8150   0.8316
   0.3809   0.4288   0.3531   0.3305   0.2684   0.1786   0.0713  -0.0246  -0.1370  -0.3895   0.7590   0.8044   0.8220   0.8819
   0.3196   0.3785   0.3108   0.2880   0.2321   0.1045  -0.0575  -0.0798  -0.2079  -0.4316   0.7640   0.8138   0.8232   0.8659   0.8505
   0.2709   0.2943   0.2373   0.1959   0.1347   0.0254  -0.1014  -0.2020  -0.3241  -0.5315   0.6972   0.7621   0.8211   0.8584   0.8758   0.8826
   0.2193   0.2560   0.1710   0.1213   0.0564  -0.0853  -0.2184  -0.3193  -0.4690  -0.6799   0.6381   0.7271   0.7652   0.8354   0.8543   0.8773   0.9230
   0.1433   0.1470   0.0660  -0.0124  -0.0760  -0.1857  -0.3205  -0.4745  -0.6393  -0.7646   0.5785   0.6686   0.6994   0.7648   0.8184   0.8952   0.9324   0.9874
  -0.0198   0.0084  -0.0710  -0.1823  -0.2544  -0.3674  -0.5409  -0.7023  -0.8300  -0.8797   0.4643   0.5393   0.5931   0.7039   0.7244   0.8077   0.9048   0.9598   1.0446
  -0.4472  -0.4760  -0.5952  -0.6938  -0.8320  -0.9974  -1.2014  -1.3952  -1.5316  -1.2620   0.0845   0.1489   0.2561   0.3218   0.3964   0.5135   0.6070   0.7311   0.9116   1.3522
   0.2032   0.1328   0.0704   0.0956   0.0422   0.0874   0.0807   0.0543   0.0039   0.0512  -0.6745  -0.7259  -0.7851  -0.8179  -1.0153  -1.0868  -1.0572  -1.1574  -1.2894  -1.6238   0.8341
   0.2615   0.1514   0.1135   0.0515  -0.0192   0.0349   0.0112  -0.0342  -0.0943   0.0161  -0.8006  -0.8508  -1.0277  -1.0377  -1.0329  -1.1615  -1.2262  -1.2698  -1.3877  -1.7029   0.8465   0.8264
   0.1169   0.0480   0.0592  -0.0696  -0.0483  -0.0796  -0.0016  -0.1079  -0.0888   0.0439  -0.9415  -0.9019  -0.9887  -1.2046  -1.2192  -1.3518  -1.3289  -1.5254  -1.6865  -1.9953   0.8121   0.8285   0.8638
   0.0879  -0.0393  -0.0080  -0.1342  -0.1336  -0.1405  -0.1012  -0.1275  -0.1949  -0.0177  -1.0626  -1.2501  -1.1745  -1.4365  -1.5504  -1.6615  -1.6987  -1.7697  -1.9926  -2.3924   0.7974   0.8511   0.8460   0.8978
   0.0635  -0.0207  -0.0781  -0.1266  -0.1864  -0.1784  -0.2214  -0.2317  -0.2160  -0.0426  -1.1545  -1.3732  -1.2769  -1.6001  -1.6089  -1.8266  -1.8723  -2.0906  -2.3110  -2.8393   0.8075   0.8164   0.8981   0.9052   0.9148
   0.0181  -0.1256  -0.1656  -0.2660  -0.2764  -0.2722  -0.2799  -0.3062  -0.3245  -0.1145  -1.0858  -1.4570  -1.4465  -1.6185  -1.7150  -1.8910  -1.9938  -2.2692  -2.3975  -2.8900   0.7501   0.7772   0.8339   0.8669   0.9162   0.9407
  -0.0664  -0.2384  -0.2315  -0.3105  -0.3543  -0.3902  -0.3452  -0.3700  -0.4105  -0.1378  -1.3009  -1.5166  -1.5500  -1.8604  -1.8952  -2.1190  -2.1471  -2.3397  -2.5500  -3.1895   0.7520   0.7848   0.7566   0.8796   0.9058   0.9284   0.9105
  -0.1733  -0.3073  -0.3092  -0.4212  -0.4755  -0.4647  -0.4660  -0.4933  -0.5216  -0.2087  -1.4868  -1.8361  -1.7688  -1.9872  -1.9873  -2.2144  -2.3243  -2.5725  -2.9161  -3.4244   0.6288   0.6874   0.7499   0.8214   0.8956   0.9119   0.9518   0.9958
  -0.2927  -0.4559  -0.4664  -0.5777  -0.6208  -0.5971  -0.6097  -0.6392  -0.6325  -0.2740  -1.6597  -1.7911  -1.8481  -2.2303  -2.1677  -2.3891  -2.5362  -2.7531  -3.1007  -3.7253   0.5599   0.6058   0.6386   0.7214   0.7771   0.8160   0.8561   0.9323   1.0014
  -0.6644  -0.8329  -0.8819  -1.0046  -1.0694  -1.0867  -1.1506  -1.1722  -1.1882  -0.5360  -1.9973  -2.2725  -2.2435  -2.6548  -2.5495  -2.8786  -3.0232  -3.1961  -3.6408  -4.3078   0.2187   0.2710   0.3547   0.4262   0.4577   0.5326   0.5892   0.6479   0.7555   1.0836

